waypoints:
- latitude: 40.91323090431347
  longitude: -73.12525151851376
  yaw: -1.816829520667031
- latitude: 40.91323421990102
  longitude: -73.12528830317254
  yaw: -2.1377494419922316
- latitude: 40.9132460385449
  longitude: -73.12533526145911
  yaw: -2.2278678797599714
- latitude: 40.91325080504986
  longitude: -73.12537352687552
  yaw: -2.2973979020821784
